22
0.000000 0.000000 0.000000
1.000000 2.000000 0.000000
2.000000 0.000000 0.000000
3.000000 -2.000000 0.000000
3.000000 -2.000000 180.000000
0.000000 0.000000 180.000000
-1.999952 1.000000 180.001068
-3.999952 -1.000000 180.001068
-5.999952 -3.000000 180.001068
-7.999952 -1.000000 180.001068
-9.999952 1.000000 180.001068
-11.999952 1.000000 180.001068
-13.999952 -1.000000 180.001068
-13.999952 -1.000000 0.001068
-11.999952 1.000000 0.001068
-9.999952 -1.000000 0.001068
-7.999952 -3.000000 0.001068
-5.999952 -1.000000 0.001068
-3.999952 1.000000 0.001068
-1.999952 -1.000000 0.001068
0.000048 -3.000000 0.001068
1.000048 -3.000000 0.001068
